   4.0000000000000000       4.57945934462588994E-002
   4.0499999999999998       4.75576813276605698E-002
   4.0999999999999996       4.94485755712282260E-002
   4.1499999999999995       5.14810526752304196E-002
   4.1999999999999993       5.36709360697131613E-002
   4.2499999999999991       5.60364917923874273E-002
   4.2999999999999989       5.85989203467063915E-002
   4.3499999999999988       6.13829735087322997E-002
   4.3999999999999986       6.44177352940290965E-002
   4.4499999999999984       6.77376213086252899E-002
   4.4999999999999982       7.13836726862669135E-002
   4.5499999999999980       7.54052536626544506E-002
   4.5999999999999979       7.98623121034628958E-002
   4.6499999999999977       8.48284413368354112E-002
   4.6999999999999975       9.03951098865204278E-002
   4.7499999999999973       9.66776416580293896E-002
   4.7999999999999972       0.10382390917671168     
   4.8499999999999970       0.11202740774924695     
   4.8999999999999968       0.12154777464202848     
   4.9499999999999966       0.13274481063001595     
   4.9999999999999964       0.14613914745368933     
   5.0499999999999963       0.16253170771200623     
   5.0999999999999961       0.18327373209281689     
   5.1499999999999959       0.21100548673379954     
   5.1999999999999957       0.25217175050124724     
   5.2499999999999956       0.32302329409752983     
   5.2999999999999954       0.42566902638916659     
   5.3499999999999952       0.54121824387135831     
   5.3999999999999950       0.67533632455196668     
   5.4499999999999948       0.85328237232251591     
   5.4999999999999947        1.1291133789155783     
   5.5499999999999945        1.6529195800325314     
   5.5999999999999943        2.7565703395820234     
   5.6499999999999941        3.9612154814730882     
   5.6999999999999940        4.9198106225784182     
   5.7499999999999938        5.5909477156124012     
   5.7999999999999936        6.0619081068873948     
   5.8499999999999934        6.2645172081010454     
   5.8999999999999932        6.2739366162180490     
   5.9499999999999931        6.1551705771277652     
   5.9999999999999929        5.9278881779047676     
   6.0499999999999927        5.8410919180453202     
   6.0999999999999925        5.7043432403021672     
   6.1499999999999924        5.5620046469336399     
   6.1999999999999922        5.8283853397864744     
   6.2499999999999920        6.0859721149555677     
   6.2999999999999918        5.7832890015106866     
   6.3499999999999917        5.4627952435726410     
   6.3999999999999915        5.2511816893913394     
   6.4499999999999913        4.9448103997668911     
   6.4999999999999911        4.3623308836209791     
   6.5499999999999909        4.0071514806666375     
   6.5999999999999908        3.9447925039821006     
   6.6499999999999906        3.8550904700343920     
   6.6999999999999904        3.5945346376870528     
   6.7499999999999902        3.5399190527205584     
   6.7999999999999901        3.7420653318550809     
   6.8499999999999899        3.8708323889756366     
   6.8999999999999897        4.0157276345611104     
   6.9499999999999895        4.3294549669833957     
   6.9999999999999893        4.8060433518331553     
   7.0499999999999892        5.4090016904319373     
   7.0999999999999890        5.9573920473515329     
   7.1499999999999888        6.0438995883717510     
   7.1999999999999886        5.8942385915114421     
   7.2499999999999885        5.9255172160642218     
   7.2999999999999883        6.0437796724597259     
   7.3499999999999881        5.8120337938852451     
   7.3999999999999879        5.5456613159917785     
   7.4499999999999877        5.4770907808858711     
   7.4999999999999876        5.7791126888981186     
   7.5499999999999874        6.3306068939071141     
   7.5999999999999872        6.7948501177633611     
   7.6499999999999870        7.4840447355369246     
   7.6999999999999869        7.7854965151961020     
   7.7499999999999867        7.3930695978038372     
   7.7999999999999865        6.9756412195690469     
   7.8499999999999863        6.9153352420384691     
   7.8999999999999861        6.6846041948845851     
   7.9499999999999860        6.6054120511829240     
   7.9999999999999858        6.4109059980410565     
   8.0499999999999865        6.3877726316026315     
   8.0999999999999872        5.9222642551109406     
   8.1499999999999879        5.4241921088532425     
   8.1999999999999886        5.3143949199625711     
   8.2499999999999893        4.9829293708006244     
   8.2999999999999901        4.9417713772845211     
   8.3499999999999908        5.1521521520013538     
   8.3999999999999915        5.2931955267950812     
   8.4499999999999922        5.2351724728333080     
   8.4999999999999929        5.1440680318381684     
   8.5499999999999936        5.7105045237274368     
   8.5999999999999943        6.4126809682204238     
   8.6499999999999950        7.0065321087399202     
   8.6999999999999957        7.7186537201587067     
   8.7499999999999964        7.8023683142642453     
   8.7999999999999972        7.9046655784886939     
   8.8499999999999979        8.3152341136821573     
   8.8999999999999986        8.4242098496921649     
   8.9499999999999993        7.8024902754437893     
   9.0000000000000000        7.2140714272907580     
   9.0500000000000007        7.2069652323079696     
   9.1000000000000014        7.7121483501320620     
   9.1500000000000021        7.4776595249913047     
   9.2000000000000028        7.0440434927078126     
   9.2500000000000036        6.3457628509296304     
   9.3000000000000043        5.6179303625261277     
   9.3500000000000050        5.0508552395612298     
   9.4000000000000057        4.5283065355144112     
   9.4500000000000064        3.7010823965660560     
   9.5000000000000071        2.7443717676086603     
   9.5500000000000078        2.1498969388809921     
   9.6000000000000085        1.7939255642367136     
   9.6500000000000092        1.5357760558321631     
   9.7000000000000099        1.3373268815328223     
   9.7500000000000107        1.1627361837151950     
   9.8000000000000114       0.94505629405917757     
   9.8500000000000121       0.62509765897634006     
   9.9000000000000128       0.40645143937750217     
   9.9500000000000135       0.30875084594578822     
   10.000000000000014       0.25520671624342722     
   10.050000000000015       0.22039416895638328     
   10.100000000000016       0.19540918997463025     
   10.150000000000016       0.17637216823314020     
   10.200000000000017       0.16129448674859820     
   10.250000000000018       0.14903301674227992     
   10.300000000000018       0.13887417193904145     
   10.350000000000019       0.13034460847939305     
   10.400000000000020       0.12311570283768881     
   10.450000000000021       0.11695130114721174     
   10.500000000000021       0.11167724975118987     
   10.550000000000022       0.10716269520839088     
   10.600000000000023       0.10330813116449582     
   10.650000000000023       0.10003751388913629     
   10.700000000000024       9.72929447718416801E-002
   10.750000000000025       9.50310430144067214E-002
   10.800000000000026       9.32204811341792727E-002
   10.850000000000026       9.18403610934548087E-002
   10.900000000000027       9.08792360328585930E-002
   10.950000000000028       9.03346669121795065E-002
   11.000000000000028       9.02132648746407223E-002
   11.050000000000029       9.05312214281563526E-002
   11.100000000000030       9.13153788674207906E-002
   11.150000000000031       9.26049513967928117E-002
   11.200000000000031       9.44540834441043309E-002
   11.250000000000032       9.69355403636604912E-002
   11.300000000000033       0.10014599147251052     
   11.350000000000033       0.10421360579598242     
   11.400000000000034       0.10930910740725260     
   11.450000000000035       0.11566215984504497     
   11.500000000000036       0.12358621772053936     
   11.550000000000036       0.13351730023416378     
   11.600000000000037       0.14607656507855335     
   11.650000000000038       0.16217545798255853     
   11.700000000000038       0.18320123146722012     
   11.750000000000039       0.21136435955433219     
   11.800000000000040       0.25039928158085889     
   11.850000000000041       0.30711823590247245     
   11.900000000000041       0.39531105879417033     
   11.950000000000042       0.54727808602635775     
   12.000000000000043       0.85533072871853499     
   12.050000000000043        1.6066494114532150     
   12.100000000000044        2.8862667520748206     
   12.150000000000045        3.8933875722724620     
   12.200000000000045        4.6727944613349557     
   12.250000000000046        5.1424900252601935     
   12.300000000000047        5.4456568125625404     
   12.350000000000048        5.6457801074969511     
   12.400000000000048        5.4322903344009301     
   12.450000000000049        4.9610987428143565     
   12.500000000000050        4.6226041014742139     
   12.550000000000050        4.2928962867148881     
   12.600000000000051        3.8816709982546924     
   12.650000000000052        3.3782204803479052     
   12.700000000000053        2.7795789705570866     
   12.750000000000053        2.2681282294600087     
   12.800000000000054        2.0469847130684333     
   12.850000000000055        1.7887098713244920     
   12.900000000000055        1.6135282645185585     
   12.950000000000056        1.3157435272181286     
   13.000000000000057       0.98492143894591233     
   13.050000000000058       0.93681170461600638     
   13.100000000000058       0.82560370827730500     
   13.150000000000059       0.72296849890227088     
   13.200000000000060       0.71364143765922206     
   13.250000000000060       0.72404604262095318     
   13.300000000000061       0.59603978317017547     
   13.350000000000062       0.50518953893082508     
   13.400000000000063       0.44812765800094101     
   13.450000000000063       0.38477986268377240     
   13.500000000000064       0.30887434157540911     
   13.550000000000065       0.27947209592065281     
   13.600000000000065       0.23446801160509659     
   13.650000000000066       0.18970532317086264     
   13.700000000000067       0.15397832913407117     
   13.750000000000068       0.11923726307063026     
   13.800000000000068       0.10109231466884039     
   13.850000000000069       9.16938310482485752E-002
   13.900000000000070       8.59244310406825501E-002
   13.950000000000070       8.20297641067796596E-002
   14.000000000000071       7.93042243266743607E-002
   14.050000000000072       7.74047555551874017E-002
   14.100000000000072       7.61424065891893459E-002
   14.150000000000073       7.54050818079009394E-002
   14.200000000000074       7.51240867443158794E-002
   14.250000000000075       7.52579398263382437E-002
   14.300000000000075       7.57839522001042404E-002
   14.350000000000076       7.66937167686033289E-002
   14.400000000000077       7.79907895455562439E-002
   14.450000000000077       7.96897609439820992E-002
   14.500000000000078       8.18163531632643132E-002
   14.550000000000079       8.44084237518649277E-002
   14.600000000000080       8.75179248637286272E-002
   14.650000000000080       9.12140256100541780E-002
   14.700000000000081       9.55877984302200140E-002
   14.750000000000082       0.10075915462163187     
   14.800000000000082       0.10688717638855093     
   14.850000000000083       0.11418579373475019     
   14.900000000000084       0.12294821444226921     
   14.950000000000085       0.13358631177663005     
   15.000000000000085       0.14669683072807857     
   15.050000000000086       0.16317845656514185     
   15.100000000000087       0.18445206374334527     
   15.150000000000087       0.21290829238509215     
   15.200000000000088       0.25291064258851070     
   15.250000000000089       0.31334895134092766     
   15.300000000000090       0.41532386645489588     
   15.350000000000090       0.62015503917599013     
   15.400000000000091        1.1125034232958568     
   15.450000000000092        1.9425249858762963     
   15.500000000000092        2.4998661513535443     
   15.550000000000093        2.6750191910280807     
   15.600000000000094        2.7834940755737385     
   15.650000000000095        2.9680553388639428     
   15.700000000000095        3.2024591072039144     
   15.750000000000096        3.4638903025259227     
   15.800000000000097        3.5680136096251731     
   15.850000000000097        3.7714009525955734     
   15.900000000000098        4.0959768583681928     
   15.950000000000099        4.1851140849944155     
   16.000000000000099        4.5447717448880489     
   16.050000000000100        5.2511256397168040     
   16.100000000000101        5.4916596086631060     
   16.150000000000102        5.4161779428584369     
   16.200000000000102        5.9344797764371453     
   16.250000000000103        6.8868675312212764     
   16.300000000000104        7.4450522517744400     
   16.350000000000104        8.0770892654618223     
   16.400000000000105        7.7070761822286178     
   16.450000000000106        6.8759233836509850     
   16.500000000000107        6.1393492870143316     
   16.550000000000107        5.9150605748533547     
   16.600000000000108        5.8772930641033323     
   16.650000000000109        4.8911214820226094     
   16.700000000000109        4.6268735689524751     
   16.750000000000110        4.9713917006149124     
   16.800000000000111        5.1055788759915872     
   16.850000000000112        4.4745711675755038     
   16.900000000000112        4.2801996201071209     
   16.950000000000113        4.3816762055827780     
   17.000000000000114        4.7449445337404130     
   17.050000000000114        4.8022622332416116     
   17.100000000000115        3.9868015761112447     
   17.150000000000116        3.6866835894398586     
   17.200000000000117        3.6729999319200615     
   17.250000000000117        3.7270602578854115     
   17.300000000000118        3.1802404207474027     
   17.350000000000119        2.5532975519324843     
   17.400000000000119        2.5556514445377481     
   17.450000000000120        3.0126371964877254     
   17.500000000000121        3.1528519407137776     
   17.550000000000122        2.7217952431927976     
   17.600000000000122        2.9088279245301631     
   17.650000000000123        3.3494198184195492     
   17.700000000000124        3.8526737236200144     
   17.750000000000124        3.7814105062213130     
   17.800000000000125        3.7903263642900162     
   17.850000000000126        4.1157720098926864     
   17.900000000000126        4.2493405004695868     
   17.950000000000127        4.3924254393548221     
   18.000000000000128        3.5542168112107282     
   18.050000000000129        2.3888813939367739     
   18.100000000000129        1.3832271711479767     
   18.150000000000130       0.86111845831482936     
   18.200000000000131       0.58762021752231863     
   18.250000000000131       0.40915335970134037     
   18.300000000000132       0.29726223411680253     
   18.350000000000133       0.23384446802159706     
   18.400000000000134       0.19323943244056224     
   18.450000000000134       0.16458077872977411     
   18.500000000000135       0.14313780892427669     
   18.550000000000136       0.12645097239750130     
   18.600000000000136       0.11308524939708374     
   18.650000000000137       0.10213726561984146     
   18.700000000000138       9.30066247255221384E-002
   18.750000000000139       8.52774940019031535E-002
   18.800000000000139       7.86522700364863103E-002
   18.850000000000140       7.29121542314190157E-002
   18.900000000000141       6.78926062418731685E-002
   18.950000000000141       6.34674718067256560E-002
   19.000000000000142       5.95383906104407987E-002
   19.050000000000143       5.60275352902709148E-002
   19.100000000000144       5.28725169757294153E-002
   19.150000000000144       5.00227374159402452E-002
   19.200000000000145       4.74367294422365776E-002
   19.250000000000146       4.50801865425407844E-002
   19.300000000000146       4.29244817088789074E-002
   19.350000000000147       4.09455393836617929E-002
   19.400000000000148       3.91229660202919577E-002
   19.450000000000149       3.74393726192249962E-002
   19.500000000000149       3.58798415350349009E-002
   19.550000000000150       3.44315029361371219E-002
   19.600000000000151       3.30831954789269841E-002
   19.650000000000151       3.18251922866262180E-002
   19.700000000000152       3.06489780249949682E-002
   19.750000000000153       2.95470662933120208E-002
   19.800000000000153       2.85128490728422737E-002
   19.850000000000154       2.75404718531460369E-002
   19.900000000000155       2.66247294674333973E-002
   19.950000000000156       2.57609787374996901E-002
